AGE
59
48
72
24
50
23
36
66
60
29
22
56
53
50
61
34
47
68
38
41
35
25
25
61
31
30
19
42
63
67
32
42
58
57
53
62
52
46
48
48
50
21
32
54
61
56
33
27
67
37
58
65
34
46
35
37
37
41
60
66
29
37
41
39
67
36
46
60
59
53
48
48
66
52
52
46
40
22
50
20
68
52
44
38
49
61
29
61
34
36
52
61
43
35
27
29
64
41
49
48
53
53
23
65
41
55
22
56
54
59
60
54
25
54
55
40
62
65
33
53
35
66
62
50
47
47
24
58
34
51
31
22
53
37
28
47
23
50
58
55
60
41
60
40
57
37
40
33
32
35
55
49
39
60
67
41
44
48
45
47
46
36
34
53
61
37
33
68
49
48
55
43
60
31
53
67
61
62
60
42
38
62
61
61
53
28
26
30
50
48
51
47
64
51
30
56
42
62
34
60
64
39
71
48
79
40
49
51
57
59
51
74
67
49
57
56
52
69
37
24
55
36
42
21
41
57
20
67
34
41
38
51
52
67
61
67
56
64
58
55
62
57
20
53
32
41
60
26
37
45
67
34
50
71
57
49
35
41
70
52
60
62
44
28
58
39
34
65
66
51
50
59
52
69
53
47
52
39
67
59
51
23
68
44
60
52
38
61
68
28
65
69
51
29
55
34
67
49
55
59
53
48
52
69
60
46
51
67
49
46
47
75
28
65
42
51
53
54
73
54
42
75
55
68
57
48
61
69
38
45
51
71
57
56
32
50
43
54
31
56
44
57
64
43
19
71
50
59
57
49
41
25
52
34
42
28
47
32
43
59
53
60
54
35
49
58
36
46
44
46
54
63
41
28
19
61
48
54
53
48
53
29
62
50
58
55
54
36
63
47
51
42
37
28
58
32
25
63
52
65
42
53
79
43
44
62
33
56
66
34
46
50
69
34
71
47
41
34
51
43
55
59
27
51
49
27
57
39
62
37
46
68
51
41
53
45
33
60
47
60
36
36

SEX
2
1
2
1
1
1
2
2
2
1
1
2
1
2
1
2
1
2
1
1
1
2
1
2
1
2
1
1
1
2
1
1
2
1
1
2
1
1
2
2
2
1
2
1
2
2
1
1
2
2
1
2
1
1
1
1
1
1
1
2
1
2
2
1
2
2
2
2
2
1
1
1
2
2
2
2
2
1
1
1
1
2
1
1
1
1
2
1
2
1
1
1
1
1
1
1
2
1
2
1
1
2
1
2
1
2
1
1
2
2
2
1
1
2
1
2
2
1
2
1
1
1
2
2
1
2
1
2
1
1
2
1
2
2
1
1
1
1
2
1
2
1
2
1
2
1
2
1
2
2
1
1
2
2
2
2
1
2
1
1
1
2
1
2
1
1
2
1
2
1
2
1
2
2
2
1
2
1
1
1
2
1
2
2
1
2
2
1
1
1
1
2
2
2
1
2
1
2
1
1
1
2
2
2
2
1
2
1
1
2
1
1
1
1
1
2
2
1
1
1
2
1
2
1
1
2
2
2
1
2
2
1
2
1
1
2
1
1
2
1
2
2
2
2
2
1
1
1
1
1
1
2
1
1
2
1
1
2
2
1
1
1
2
2
2
2
2
1
2
1
2
2
1
2
1
2
1
1
2
2
2
2
1
1
2
1
1
1
2
2
2
1
1
1
2
2
1
1
2
2
1
2
1
1
2
2
2
2
1
2
1
1
1
2
1
1
2
1
1
1
1
1
2
2
1
1
2
1
1
2
2
2
1
2
2
1
1
2
1
1
1
2
2
1
1
2
2
2
1
2
2
2
2
1
2
2
2
2
1
2
1
1
2
2
2
1
2
2
2
1
1
2
2
1
1
2
1
2
2
1
1
2
1
2
2
2
1
1
2
2
2
1
2
1
1
1
2
1
1
2
1
1
2
1
1
2
1
1
1
2
2
1
1
1
2
1
1
1
1
1
1
2
2
2
2
1
2
2
2
1
1
2
1
1
1
1
1
2
2
2
1
1

BMI
32.1
21.6
30.5
25.3
23
22.6
22
26.2
32.1
30
18.6
28
23.7
26.2
24
24.7
30.3
27.5
25.4
24.7
21.1
24.3
26
32
29.7
25.2
19.2
31.9
24.4
25.8
30.5
20.3
38
21.7
20.5
23.5
28.5
27.4
33
27.7
25.6
20.1
25.4
24.2
32.7
23.1
25.3
19.6
22.5
27.7
25.7
27.9
25.5
24.9
28.7
21.8
30.2
20.5
20.4
24
26
26.8
25.7
22.9
24
24.1
24.7
25
23.6
22.1
19.9
29.5
26
24.5
26.6
23.5
29
23
21
22.9
27.5
24.3
23.1
27.3
22.7
33
19.4
25.8
22.6
21.9
24
31.2
26.8
20.4
24.8
21
27.3
34.6
25.9
20.4
28
22.2
29
30.2
32.4
23.4
19.3
31
30.6
25.5
23.4
26.8
28.3
27.7
36.6
26.5
31.8
24.4
25.4
22
26.8
28
33.9
29.6
28.6
25.6
20.7
26.2
20.6
27.9
35.3
19.9
24.4
21.4
30.4
31.6
18.8
31
36.7
32.1
27.7
30.8
27.5
26.9
30.7
38.3
31.9
35
27.8
25.9
32.9
26
26.3
22.3
28.3
32
25.4
23.3
20.3
30.4
20.6
32.3
29.2
33.1
24.6
20.2
20.8
32.8
31.9
23.9
24.5
22.1
33
19
27.3
22.8
28.2
28.9
25.6
24.9
26.8
22.4
26.9
23.1
28.6
24.7
30.3
21.3
26.1
20.2
25.2
22.5
23.5
25.9
20.9
28.7
22.1
26.7
31.4
22.2
21
21.2
26.5
29.2
27
30.7
28.8
30.6
30.1
24.7
27.7
29.8
26.7
19.8
23.3
35.1
29.7
29.3
20.3
22.5
22.7
22.8
24
24.2
20.2
29.4
22.1
23.6
25.2
24.9
33
23.5
26.4
29.8
30
25
27
20
25.5
28.2
33.3
25.6
24.2
22.1
31.4
23.1
23.4
18.8
30.8
32
31.6
35.5
31.9
29.5
31.6
20.3
41.3
21.2
24.1
23
25.6
22.5
38.2
19.2
29
24
20.6
26.3
34.6
23.4
29.2
27.2
27
24.5
24.1
25.3
28.8
20.9
23
24.1
28.1
18
25.9
21.5
24.3
24.5
21.3
25.8
24.8
31.5
33.5
28.1
24.3
35
23.5
30
20.7
25.6
22.9
25.1
33.2
24.1
29.5
29.6
22.8
22.7
26.2
23.5
22.1
26.5
32.4
30.1
24.2
31.3
30.1
24.5
27.7
23.2
27
26.8
29.2
31.2
32.1
25.7
26.9
31.4
25.6
37
32.6
21.2
29.2
24
36.1
25.8
22
21.9
34.3
25.2
23.3
25.7
25.1
31.9
28.4
28.1
25.3
26.1
28
23.6
24.5
21
32
22.6
19.7
21.2
30.6
25.5
23.3
31
18.5
26.9
28.3
25.7
36.1
24.1
25.8
22.8
39.1
42.2
26.6
29.9
21
25.5
24.2
25.4
23.2
26.1
32.7
27.3
26.6
22.8
28.8
18.1
32
23.7
23.6
24.6
22.6
27.8
24.1
26.5
32.8
19.9
23.6
22.1
28.1
26.5
23.5
26
27.8
28.5
30.6
22.2
23.3
35.4
31.4
37.8
18.9
35
21.7
25.3
23.8
31.8
34.3
26.3
27
27.2
33.8
33
24.1
21.3
23
27.9
33.6
22.7
27.4
22.6
23.2
26.9
34.6
23.3
21.1
23.5
31.5
20.8
26.5
24.2
19.5
28.2
24.9
24.9
30
19.6

BP
101
87
93
84
101
89
90
114
83
85
97
85
92
97
91
118
109
111
84
83
82
95
92
103.67
88
83
87
83
73
113
89
71
103
94
78
80.33
110
78
123
73
101
63
90.33
74
97
104
85
78
98
93
99
103
93
115
97
84
87
80
105
98
83
79
83
77
83
112
85
89.67
83
93
91
131
91
94
111
87
115
73
88
87
107
86
87
81
65.33
95
83
98
75
89
83
79
123
65
91
71
109
87.33
91
98
88
113
90
98
94
83
82
78.67
103.33
95.33
88
87
87
113
113
93
115
120
102
94
98
101
101
94.33
97
94
87
91
87
96
125
75
92
83
85
84
78
123
117
110
107
81
106
92
90
113
95
89
89
81
102
93
115
113
93
109
95
89.33
74.33
120
73
115
73
117
101
81
84
105.67
94
109
84
66
97
93
82
87
106
87.33
87
91
105
79
111
113
88
97
89
87
109
95
103
82
97
76
104
99
85
115
87
104.67
92.33
90
105
110
103
99
92
103
117
114
99
101
105
88
88
123
109
124
83
89
93
87
107
76
62
109
87
111.33
77
86
78
101
91.33
80
108
111.67
105
74.67
112
91
114
96
88
98
89
86
76.67
83
112
110
116
120
78.33
97
117
93
81
102
82.33
107
78
125
123
81
85
89.67
98
70
115
87
119
107
78.33
108
105
98
113
95
70
96
106
78
93
85
103
90
72
90
101
83
102
113
85.33
98.33
93
83
83
76
81
90
82.67
110
104.33
122
110
83
101
96
85
94
105
78
93
110
91
79
95
110.67
102
108
93
117.67
112.67
109
98
75.33
85
103
77
94
107
84
117
103
88
91
84
115
85
80
133
111
111
121
83
85
104
73
93
82
126
85
81
84
101
99
90
100
87
104
101
103
115
94.67
89
91
90
99
99
83
78
109
90
93
75
126
93
100
93
101
111.67
73
88
92
96
109
90
73
111
70
112
76
94
82
111
86
88
85.67
85
109
121
78
88
93
115
119
70
79.33
126
111
97
82
113
87
93.33
80
123.33
73
87
79
94.67
101
110
103
89
71
107.33
93
120
88
80
101
93
86
97
83
80
112
75
99.67
95
71

S1
157
183
156
198
192
139
160
255
179
180
114
184
186
186
202
254
207
214
162
187
156
162
187
210
167
178
124
158
160
158
182
161
150
157
147
225
195
171
253
191
229
135
153
204
177
181
155
128
191
180
157
159
218
198
204
184
166
124
198
236
141
157
181
204
143
193
174
185
165
134
189
207
264
217
209
181
97
161
140
191
241
197
213
146
168
182
152
235
166
189
167
235
193
187
189
156
186
205
178
209
233
197
216
219
171
166
156
187
144
190
153
206
193
200
199
236
199
222
206
175
162
195
221
300
164
165
149
217
185
196
187
175
214
128
198
154
145
178
166
164
167
214
229
203
204
165
198
200
216
174
164
183
218
186
204
251
162
212
190
199
172
286
172
183
209
162
125
205
234
232
179
134
217
137
119
166
204
206
207
204
181
222
236
186
171
175
218
134
243
187
176
131
203
240
152
208
213
183
149
221
227
182
281
218
169
177
207
198
202
152
229
171
225
188
155
164
228
223
185
141
154
178
150
147
153
160
171
189
189
192
301
195
218
172
194
146
247
189
163
250
182
200
126
165
153
148
247
191
282
224
179
233
207
227
225
184
168
184
194
179
195
215
201
155
156
190
183
244
204
220
162
158
134
243
184
173
280
150
184
170
202
171
253
157
141
198
165
280
221
228
190
234
153
204
177
185
170
161
123
163
186
209
211
231
245
183
161
207
136
247
188
222
174
213
182
212
190
238
211
176
249
229
207
233
246
242
184
207
168
169
187
138
181
177
137
190
256
181
190
244
182
173
184
192
225
220
282
180
186
119
198
130
152
254
269
162
195
177
163
194
179
158
163
155
182
196
219
211
205
171
188
226
199
141
143
215
276
200
185
110
145
158
172
166
257
143
183
153
184
181
202
146
205
168
198
184
143
155
219
201
176
164
186
185
165
113
162
195
212
230
224
136
200
197
269
208
187
178
261
141
190
218
246
217
177
116
231
136
215
223
205
162
231
223
193
177
171
185
225
162
201
250

S2
93.2
103.2
93.6
131.4
125.4
64.8
99.6
185
119.4
93.4
57.6
144.8
109.2
105.4
115.4
184.2
100.2
147
103
108.2
87.8
98.6
120.4
85.2
103.4
118.4
54
87.6
91.4
54.2
110.6
81.2
107.2
58
84.2
112.8
97.2
88
163.6
119.4
162.2
69
100.4
109
118.4
116.4
85
68
119.2
119.4
91.6
96.8
144
129.6
126.8
101
96
48.8
78.4
146.4
65.2
98
106.6
143.2
77.2
125
123.2
120.8
100
76.2
109.6
132.2
146.6
149.4
126.4
114.8
47.2
97.8
71.8
128.2
149.6
133.6
126.4
81.6
96.2
114.8
105.8
125.8
91.8
105.2
86.6
156.8
102.2
105.6
106.8
97
107.6
142.6
106.6
139.4
143.8
115.2
131.4
160.6
104.4
101.6
93.2
141.4
79.8
139.4
89.8
122
128
128.4
94.4
147
128.6
135.6
141
88
103.6
129.2
156.4
242.4
90.6
74.8
80.6
124.2
112.2
122.2
112.4
108.6
146
69.6
115.6
88
72
105
93.8
84.2
114.6
152
143.8
119.8
147.8
94.6
135.6
130.4
146.2
102.4
106.2
100.2
158.2
125.8
132.2
170.6
92.6
142.8
126.2
120
107
199.4
108.2
119
106.8
87.8
70.2
116.4
155.8
105.2
105.8
77.2
125.6
73
55
98.6
132
127.2
125.8
141.8
119.2
147.4
172.4
114.4
98.8
99.6
152.2
63
160.6
117.4
112.2
66.8
129
169
83.8
146.4
138.6
124
93.8
105.4
146.8
110.4
173.6
151.6
110.8
85.4
140
106.6
139.6
104.8
145.6
104.8
135.4
114.8
63.6
95
162.8
139
124.6
68
94.2
116
85
77
89
87.6
99.6
105.4
120.6
115
215
121
152
93.4
100
93.4
160.6
114.8
110.6
140.2
114
133
72.2
105.2
84.2
78
148
103.6
197.2
134.2
90.4
146.6
149.2
151.6
107.6
103
102.8
100.4
149.2
123.7
95.4
99
126.6
94.6
109.2
113.6
92
166.2
139.4
108.8
85.2
102
73
136.4
113.4
105.6
174
65.6
128
98.6
122.2
96
181.2
92.2
86.6
129
60.2
195.4
151.4
149.4
126.2
142.8
71.6
142.6
126.8
107.2
99.8
99.8
67.2
101.4
106.8
134.6
132.8
128.4
189.8
125.8
99.6
138.2
63.4
160.2
125
154.2
106.4
128
114.8
128.6
101.8
162.8
121
80.6
174.2
138.8
92.4
112.6
165.2
151.6
116.2
131.4
100.6
96.8
139
85.8
108.2
114.4
78.6
111.2
172.6
120
130.8
151.6
113
116.2
127
121
156.6
152.4
196.8
107.4
96.6
85.4
104.2
71
53.4
113.4
172.2
101.6
125.8
96.2
93.6
126.6
107
84.6
98.4
97.4
118.6
118.8
135.8
137
109
113
107.4
103.2
123.6
79
70.4
129.8
198.6
144
122.4
41.6
87.2
99
69
97
171
76.4
104.2
104.4
112.2
104.8
100.6
83.2
138.8
100.6
80.6
101.6
80.8
78.2
136
123
92.8
81
128.4
100.2
97.6
51
91.8
140.8
127.8
162
139.2
69.2
123.8
120
190.2
145.6
127
114.6
175.6
78.8
137.6
144.2
156.6
162.4
113
43.4
159.4
75.4
129.2
142
144.4
85.4
144
128.2
122.4
118.4
85.4
113.8
166
106.6
125.2
133.2

S3
38
70
41
40
52
61
50
56
42
43
46
32
62
49
72
39
70
39
42
60
50
54
56
35
48
34
57
53
48
64
56
66
22
82
52
86
60
58
44
46
43
54
34
82
29
47
51
43
61
30
49
42
57
54
64
73
40
64
99
58
64
28
66
46
49
35
30
46
47
46
69
47
65
48
61
44
35
54
35
53
64
44
77
47
62
54
39
76
60
68
71
47
67
67
69
38
38
41
52
46
58
67
65
40
56
46
52
34
30
35
58
68
49
37
43
37
44
37
39
59
45
40
35
33
56
40
61
71
58
42
48
54
50
49
67
30
63
48
44
42
38
28
51
70
34
53
38
42
55
31
41
64
32
46
49
49
53
46
49
46
51
39
49
48
77
63
46
40
34
37
66
45
45
47
39
52
52
33
69
38
37
59
39
47
41
32
31
63
62
53
37
41
59
39
47
39
60
35
46
60
65
60
55
39
37
50
44
57
42
29
69
50
69
57
78
38
31
54
38
52
53
41
44
53
50
31
58
70
53
61
50
51
39
63
52
33
54
62
29
67
38
52
45
47
56
58
65
69
43
45
41
34
38
45
40
61
37
64
31
42.5
91
98
44
51
36
52
83
51
36
93
54
39
44
40
46
44
67
68
35
54
55
48
53
55
33
29
88
55
60
38
35
52
71
50
41
53
59
51
41
46
46
58
49
56
39
32
48
42
62
59
46
44
54
47
49
65
41
48
67
67
45
29
25
35
38
38
39
55
47
55
32
39
34
34
48
67
33
39
43
59
55
41
41
60
46
47
44
51
71
23
49
48
82
52
50
46
54
45
61
43
48
64
43
32
39
48
38
44
43
38
70
46
57
49
52
57
43
33
36
56
46
41
38
52
59
51
64
42
44
63
37
55
53
54
31
53
55
46
49
46
69
70
33
44
52
31
59
42
45
39
42
55
54
63
41
38
45
51
69
53
38
38
57
30
37
56
41
48
43
65
42
59
49
83
58
45
75
42
42
43
42
97

S4
4
3
4
5
4
2
3
4.55
4
4
2
6
3
4
3
7
3
5
4
3
3
3
3
6
4
5
2
3
3
2
3
2
7
2
3
2.62
3
3
6
4
5
3
4.5
2
6
4
3
3
3
6
3
4
4
4
3
3
4.15
2
2
4
2
6
3
4
3
6
6
4.02
4
3
3
4
4
5
3
4
2.77
3
4
4
4
5
3
3
2.71
3
4
3
3
3
2
5
3
2.79
3
4
5
5
3
5
4
3
3
5
3
4
3
5.5
4.8
5.43
3
3
4
5
4.63
7
5
6
5
3
4
5
6
9.09
3
4
2
3
3
5
4
3
4
3
3
5.1
2
4
4
4
4
7.6
4
3
6
3
5
4.76
4
6
4
3
7
4
4
5
3
4.61
3.88
4
3
7
4
4
3
3
3
5.13
7
6
3
3
5
3
3
3
4
6.24
3
5
5
4
6
4
4
5
7
2
4
4
5
3
3
6
3
5
4
5
3
3.68
3.49
3
5
6
5
4
5
3
5
5
3
3
3
3
2
4
8
4
5
3
3
4
3
3
3
5
3
2.7
4
3
6.02
4
5.59
3
3.73
4.42
5
3.05
6
4
5
3.85
3
4
3
3
3.8
3
7
5
4
7
5.45
5
6
3
5
3
6.26
4.21
2
2
5
3
4
3.65
2
5
6
2
3
4
3.05
6
4
4
4
2
5
3
4
4
5
3
4
7
2
5
4
6
5
4
2.15
4.08
4
3
3
3
3
4
4.04
4
4.31
4
6
6
3
5
2.19
4
4.09
5.05
3
5
4
3
5
4.96
3
3
6
7.9
8.28
7
7
6.37
5
4
4
3
6
4
5
5
3
3
8
5
4
4
3
4
4
3
5
5
6
4
3
5
4
3
2
5
5
4
4
4
2.67
5
4
2
4
4.84
5
4
6
5
5
4.5
3
5
4
3
3
4
6.42
6
5
2
3.15
4
4
3
4
3
3
4
4
3
5
3
4
3
6
4
3
3.37
4
4
3
2
6
4
3
4
3
4.64
4.71
6
5
2
4
3
6.56
6
4.16
3.49
4
3
5
6
4
7
5
2
5.63
3
5
3.4
5
3
4.7
3
3
4
2
4
5
3.77
4.79
3

S5
4.8598
3.8918
4.6728
4.8903
4.2905
4.1897
3.9512
4.2485
4.4773
5.3845
3.9512
3.5835
4.3041
5.0626
4.2905
5.037
5.2149
4.9416
4.4427
4.5433
4.5109
3.8501
3.9703
6.107
4.3567
4.852
4.1744
4.4659
4.6347
5.2933
4.3438
4.2341
4.6444
4.4427
3.989
4.8752
5.2417
4.8283
5.425
4.852
4.7791
4.0943
4.5326
4.1744
4.9972
4.4773
4.5539
4.4427
3.989
5.0304
4.4067
4.6151
4.4427
4.2767
4.1897
3.912
5.0106
4.0254
4.6347
5.0626
4.0775
5.0434
3.7377
4.3041
4.4308
5.1059
4.6444
4.5109
4.4998
4.0775
3.9512
4.9345
5.5683
4.585
4.6821
4.7095
4.3041
3.8286
5.112
3.8918
4.92
4.5747
3.8712
4.4659
3.8918
4.1897
3.5835
5.112
4.2627
4.3694
3.8501
5.0499
4.7791
4.2767
4.1897
4.654
5.3083
4.6728
4.5747
4.7707
5.0499
4.3041
4.585
4.5218
3.9703
4.5218
3.989
4.0604
5.1417
4.3567
3.2581
4.382
4.382
5.1533
5.7301
5.5607
4.8828
5.5094
4.8675
4.9416
4.2047
4.8598
4.9972
4.8122
4.4659
5.5255
3.6109
4.6913
4.3041
5.0689
4.8903
4.1271
4.4998
3.8501
4.3438
5.1985
3.912
4.8283
4.9488
5.2417
4.2767
5.1358
5.1417
4.1897
4.7095
4.4659
4.804
4.9273
4.3041
5.3132
4.4308
4.5433
4.9345
4.2627
4.7362
5.0562
4.4067
4.7536
4.3041
5.1059
4.2485
5.4723
4.3041
4.382
4.8363
4.0254
3.7842
5.4931
5.3982
6.107
3.5835
4.0775
5.4467
4.4427
4.8283
4.3438
4.6052
5.4337
4.1109
4.7958
4.8203
4.3567
4.8122
4.8122
5.0499
5.3799
5.1591
3.6889
4.625
4.4188
4.8978
4.7536
4.3175
5.0752
4.6634
4.7274
4.2767
4.7875
3.8286
5.6276
4.3307
4.0604
5.5683
4.92
4.6634
5.3375
4.7449
5.1475
4.625
4.5109
4.2767
4.3944
4.6347
4.3944
4.2047
5.0434
5.1417
5.0106
4.7185
4.654
3.5264
4.654
4.654
4.4427
4.2485
5.3327
4.2047
4.2195
4.3438
4.382
5.193
4.7449
4.9053
4.3567
5.3471
4.585
5.0876
4.1109
4.7622
5.366
5.0106
4.3175
3.7842
4.1589
4.1589
4.0943
5.1358
4.5218
5.3423
5.4116
5.4723
5.5683
4.5951
5.0239
5.9584
4.6052
4.9488
4.585
4.2341
4.1589
3.7612
4.4998
5.0239
3.8501
3.989
4.804
3.6889
4.8978
4.9628
4.5109
4.7362
4.4427
4.4427
5.8081
4.8122
4.7622
5.273
4.4067
4.654
4.4659
4.8203
4.9053
4.5433
3.8918
4.6728
5.2983
4.4308
4.9972
3.8712
5.3132
4.9698
5.2781
3.9512
4.0431
3.8286
4.8203
4.0254
3.9318
4.3041
4.3567
5.112
4.4067
4.9836
5.451
4.3944
4.8363
4.2047
4.8978
3.9703
4.9345
4.4427
4.7791
4.2195
5.247
4.5109
4.5218
5.4638
4.9127
4.7449
4.9558
5.0039
5.7236
6.1048
6.0568
5.366
5.5683
4.9698
4.6347
4.625
4.4543
4.382
4.1897
5.2679
4.9628
3.9512
4.0775
5.5294
4.7005
4.3944
5.118
4.2485
4.3694
4.382
4.0073
4.7185
4.6347
5.3279
4.6821
4.5218
3.9703
5.4116
4.0073
4.4188
6.0936
5.4553
4.2767
4.3307
5.1874
3.7377
4.804
4.7875
3.8501
4.6821
4.852
4.804
4.9836
5.4205
5.0106
5.5797
4.585
3.9703
5.9506
4.5218
4.1744
4.6347
4.9488
5.1475
4.7449
4.8903
4.1271
4.0775
4.4998
5.7838
4.4427
4.9053
4.3567
4.3041
3.4965
4.9345
4.1897
5.7746
3.6636
4.1897
4.2047
6.0684
4.9904
3.5835
5.037
5.1358
5.0752
4.2627
4.1744
4.8122
5.3181
4.3438
5.0434
4.0254
4.1109
5.2781
4.9767
5.366
4.0775
4.7095
4.2485
5.2417
4.804
4.3175
4.1271
4.4067
3.8286
4.2767
5.1874
5.0876
4.8122
4.9053
4.4188
5.0304
4.1431
5.366
4.3567
4.5326
4.4773
5.2523
4.0775
4.1431
4.2195
3.9703
4.9836
4.4427
4.1271
5.1299
4.5951

S6
87
69
85
89
80
68
82
92
94
88
83
77
81
88
73
81
98
91
87
78
95
87
88
124
78
83
90
101
78
104
89
81
98
92
75
96
85
90
97
92
114
89
83
109
87
79
70
71
86
88
93
86
88
103
93
93
87
75
79
96
83
96
85
74
94
95
96
92
92
96
101
106
87
89
109
98
95
91
71
85
90
91
72
81
60
74
83
82
108
96
94
96
94
78
69
90
99
110
75
78
91
100
91
84
76
96
71
90
101
117
95
80
92
113
97
92
98
124
105
98
86
94
103
109
88
93
78
68
74
120
109
72
97
84
80
105
86
88
109
90
95
123
91
81
93
79
93
101
91
82
89
88
109
94
92
103
83
98
79
87
80
112
91
106
88
88
66
117
122
96
87
80
112
78
93
92
96
99
84
89
91
76
89
105
99
87
82
66
89
85
90
89
77
96
97
97
94
100
77
93
102
98
84
98
110
85
92
100
120
88
77
86
96
93
78
117
103
102
88
84
75
82
96
79
89
92
78
93
79
94
108
94
99
82
105
103
94
91
86
103
96
105
74
81
90
60
77
69
101
93
100
101
84
108
113
93
94
79
105
93
87
95
92
87
86
101
92
98
109
82
95
93
69
100
95
108
86
95
99
85
87
92
98
84
78
86
90
90
87
83
102
77
82
91
83
92
77
78
88
91
102
100
98
86
88
75
88
111
72
111
99
97
84
91
82
91
101
108
99
106
92
106
111
105
96
103
98
90
96
102
95
90
100
99
78
77
104
92
77
95
84
87
97
93
84
91
95
84
91
74
124
81
82
92
106
94
73
77
80
106
101
97
101
94
115
115
103
99
111
98
73
87
86
91
72
96
91
76
82
97
85
78
100
93
82
88
92
73
82
70
109
79
107
86
93
78
83
97
75
96
89
101
102
101
89
84
58
96
101
90
81
85
112
96
93
92
100
92
93
90
106
95
89
80
97
79
112
99
123
82
87
91
117
89
99
82
80
93
102
95
85
92

Y
151
75
141
206
135
97
138
63
110
310
101
69
179
185
118
171
166
144
97
168
68
49
68
245
184
202
137
85
131
283
129
59
341
87
65
102
265
276
252
90
100
55
61
92
259
53
190
142
75
142
155
225
59
104
182
128
52
37
170
170
61
144
52
128
71
163
150
97
160
178
48
270
202
111
85
42
170
200
252
113
143
51
52
210
65
141
55
134
42
111
98
164
48
96
90
162
150
279
92
83
128
102
302
198
95
53
134
144
232
81
104
59
246
297
258
229
275
281
179
200
200
173
180
84
121
161
99
109
115
268
274
158
107
83
103
272
85
280
336
281
118
317
235
60
174
259
178
128
96
126
288
88
292
71
197
186
25
84
96
195
53
217
172
131
214
59
70
220
268
152
47
74
295
101
151
127
237
225
81
151
107
64
138
185
265
101
137
143
141
79
292
178
91
116
86
122
72
129
142
90
158
39
196
222
277
99
196
202
155
77
191
70
73
49
65
263
248
296
214
185
78
93
252
150
77
208
77
108
160
53
220
154
259
90
246
124
67
72
257
262
275
177
71
47
187
125
78
51
258
215
303
243
91
150
310
153
346
63
89
50
39
103
308
116
145
74
45
115
264
87
202
127
182
241
66
94
283
64
102
200
265
94
230
181
156
233
60
219
80
68
332
248
84
200
55
85
89
31
129
83
275
65
198
236
253
124
44
172
114
142
109
180
144
163
147
97
220
190
109
191
122
230
242
248
249
192
131
237
78
135
244
199
270
164
72
96
306
91
214
95
216
263
178
113
200
139
139
88
148
88
243
71
77
109
272
60
54
221
90
311
281
182
321
58
262
206
233
242
123
167
63
197
71
168
140
217
121
235
245
40
52
104
132
88
69
219
72
201
110
51
277
63
118
69
273
258
43
198
242
232
175
93
168
275
293
281
72
140
189
181
209
136
261
113
131
174
257
55
84
42
146
212
233
91
111
152
120
67
310
94
183
66
173
72
49
64
48
178
104
132
220
57

